<?xml version="1.0"?>
<opencv_storage>
<num_classes>5</num_classes>
<hier_part_classifier>
  <_>
    <ID>1</ID>
    <pos_class>0</pos_class>
    <neg_class>-1</neg_class>
    <svm_file>speciesSVM_1.xml</svm_file>
    <margin>5.4845472627611302e+00</margin>
    <dec_thresh>2.6973357424139977e-02</dec_thresh>
    <sigmaA>5.1225185804786948e+00</sigmaA>
    <sigmaB>-2.0122518758770558e+00</sigmaB>
    <mu1>-1.1638356447219849e+00</mu1>
    <mu2>1.8076525926589966e+00</mu2>
    <sigma1>8.7254673242568970e-01</sigma1>
    <sigma2>5.4509109258651733e-01</sigma2>
    <w1>2.6226910948753357e-01</w1>
    <w2>7.3773086071014404e-01</w2></_>
  <_>
    <ID>3</ID>
    <pos_class>3</pos_class>
    <neg_class>-1</neg_class>
    <svm_file>speciesSVM_3.xml</svm_file>
    <margin>5.7336162103796902e+00</margin>
    <dec_thresh>3.7370242178440094e-02</dec_thresh>
    <sigmaA>4.6727465755685937e+00</sigmaA>
    <sigmaB>-2.4201661871611485e-01</sigmaB>
    <mu1>-1.3023816347122192e+00</mu1>
    <mu2>1.8565800189971924e+00</mu2>
    <sigma1>5.6566607952117920e-01</sigma1>
    <sigma2>7.2315335273742676e-01</sigma2>
    <w1>3.1545832753181458e-01</w1>
    <w2>6.8454170227050781e-01</w2></_>
  <_>
    <ID>7</ID>
    <pos_class>4</pos_class>
    <neg_class>-1</neg_class>
    <svm_file>speciesSVM_7.xml</svm_file>
    <margin>5.4771228565110102e+00</margin>
    <dec_thresh>3.7370242178440094e-02</dec_thresh>
    <sigmaA>4.0713877477098679e+00</sigmaA>
    <sigmaB>1.3945286676783669e-01</sigmaB>
    <mu1>-1.2376818656921387e+00</mu1>
    <mu2>2.2616300582885742e+00</mu2>
    <sigma1>4.1296482086181641e-01</sigma1>
    <sigma2>9.0787637233734131e-01</sigma2>
    <w1>2.9734790325164795e-01</w1>
    <w2>7.0265209674835205e-01</w2></_>
  <_>
    <ID>15</ID>
    <pos_class>1</pos_class>
    <neg_class>2</neg_class>
    <svm_file>speciesSVM_15.xml</svm_file>
    <margin>5.8918917655944822e+00</margin>
    <dec_thresh>4.9852441996335983e-02</dec_thresh>
    <sigmaA>4.1040071243885139e+00</sigmaA>
    <sigmaB>-1.2374874258548477e-01</sigmaB>
    <mu1>-1.9808012247085571e+00</mu1>
    <mu2>1.5319932699203491e+00</mu2>
    <sigma1>8.7907922267913818e-01</sigma1>
    <sigma2>5.4417854547500610e-01</sigma2>
    <w1>5.8090752363204956e-01</w1>
    <w2>4.1909247636795044e-01</w2></_></hier_part_classifier>
</opencv_storage>
