# =============================================================================
# Title: Sn13238190
#
# Description: Training configuration file.
# =============================================================================

[LEFT_CAM_2K]
fx=1399.29
fy=1399.24
cx=1117.17
cy=620.279
k1=-0.171814
k2=0.0259528
p1=2.23747e-05
p2=5.11732e-05
k3=-3.26917e-11

[RIGHT_CAM_2K]
fx=1398.38
fy=1398.52
cx=1121.69
cy=602.664
k1=-0.172585
k2=0.0263833
p1=-7.17584e-05
p2=6.00659e-05
k3=1.99541e-11

[LEFT_CAM_FHD]
fx=1399.29
fy=1399.24
cx=973.17
cy=539.279
k1=-0.171814
k2=0.0259528
p1=2.23747e-05
p2=5.11732e-05
k3=-3.26917e-11

[RIGHT_CAM_FHD]
fx=1398.38
fy=1398.52
cx=977.69
cy=521.664
k1=-0.172585
k2=0.0263833
p1=-7.17584e-05
p2=6.00659e-05
k3=1.99541e-11

[LEFT_CAM_HD]
fx=699.645
fy=699.62
cx=645.085
cy=358.1395
k1=-0.171814
k2=0.0259528
p1=2.23747e-05
p2=5.11732e-05
k3=-3.26917e-11

[RIGHT_CAM_HD]
fx=699.19
fy=699.26
cx=647.345
cy=349.332
k1=-0.172585
k2=0.0263833
p1=-7.17584e-05
p2=6.00659e-05
k3=1.99541e-11

[LEFT_CAM_VGA]
fx=349.8225
fy=349.81
cx=338.0425
cy=186.56975
k1=-0.171814
k2=0.0259528
p1=2.23747e-05
p2=5.11732e-05
k3=-3.26917e-11

[RIGHT_CAM_VGA]
fx=349.595
fy=349.63
cx=339.1725
cy=182.166
k1=-0.172585
k2=0.0263833
p1=-7.17584e-05
p2=6.00659e-05
k3=1.99541e-11

[STEREO]
Baseline=62.8649
TY=-0.0273912
TZ=-0.175956
CV_2K=0.00712998
CV_FHD=0.00712998
CV_HD=0.00712998
CV_VGA=0.00712998
RX_2K=-0.00286719
RX_FHD=-0.00286719
RX_HD=-0.00286719
RX_VGA=-0.00286719
RZ_2K=0.000147527
RZ_FHD=0.000147527
RZ_HD=0.000147527
RZ_VGA=0.000147527

